UTC:   2020-10-18 02:40:38.888097+00:00
Local: 2020-10-18 02:40:38.888097+00:00
